1.012628949279999944e+02
8.139512333500000807e+01
7.360237385199997107e+01
6.863417772700000796e+01
6.436353991400000041e+01
6.057547627100001364e+01
5.723471476299999949e+01
5.512053088200002549e+01
4.867958574699991914e+01
4.863858398299998953e+01
4.332648529100003998e+01
4.167112329500002943e+01
4.126508073999991666e+01
3.821458509000001413e+01
3.733063742599995294e+01
3.494948741599989717e+01
3.428692126699991150e+01
3.282409598299989284e+01
3.194688949399983358e+01
3.077353772899982687e+01
2.982358770800010461e+01
2.887312886700010495e+01
2.776016438999999991e+01
2.819306809499994415e+01
2.731823279299987917e+01
2.616804020299991862e+01
2.535472767100009150e+01
2.487094054599992887e+01
2.500428555799999231e+01
2.342390998599989871e+01
2.314655674800019369e+01
2.234717602699993222e+01
2.217374497299988434e+01
2.128904195099994467e+01
2.143723786700002165e+01
2.060799334600005750e+01
2.024302227399994081e+01
1.952878550600007657e+01
1.936027017499986869e+01
2.003261448600005679e+01
1.947334841499991853e+01
1.828266351400020540e+01
1.832714715700012675e+01
1.830919980099997701e+01
1.738087320900012855e+01
1.689657401699992079e+01
1.698820319599985851e+01
1.722895788699997865e+01
1.697818084999994426e+01
1.653667698699996436e+01
1.567955774199981533e+01
1.628590346900000441e+01
1.594928540199998679e+01
1.569682303000013235e+01
1.486705394399996294e+01
1.498393732699992142e+01
1.530742501700001412e+01
1.489787607800008118e+01
1.436274462899996252e+01
1.417568163999999342e+01
1.424150757200004591e+01
1.391495115599991550e+01
1.351709204900021177e+01
1.364808438499994736e+01
1.376741807500002324e+01
1.339201513799980603e+01
1.285122764500010817e+01
1.306717029199990066e+01
1.323795668399998249e+01
1.277702952000026926e+01
1.219586524899978031e+01
1.234921514400002707e+01
1.233899771400001555e+01
1.215652990099988529e+01
1.179602155100019445e+01
1.197986412399995970e+01
1.194038198999987799e+01
1.156690600799993263e+01
1.115538568300007682e+01
1.143120638100026554e+01
1.139941904700026498e+01
1.113564852599984079e+01
1.076600004600004468e+01
1.107110748900004182e+01
1.088135871200029214e+01
1.077908552399958353e+01
1.064534494700001233e+01
1.059566772400012269e+01
1.065331259699996735e+01
1.028815491700015627e+01
1.009624067699996885e+01
1.023561032199995680e+01
1.013591513999972449e+01
1.002878538599998137e+01
9.935256922999997187e+00
9.826815771999918070e+00
9.799133002999951714e+00
9.548844824999832781e+00
9.383872193999650335e+00
9.464901832000123250e+00
9.439504970000143658e+00
9.337368505000085861e+00
9.086444494000261329e+00
8.944972527000118134e+00
8.977734697999949276e+00
8.873490519999904791e+00
8.807966329000009864e+00
8.766110703999856923e+00
8.751668365000114136e+00
8.692401533000065683e+00
8.457353983000302833e+00
8.537628595000114728e+00
8.502653980999639316e+00
8.449970741000015551e+00
8.144317164999847591e+00
8.249725820000094245e+00
8.284146770000006654e+00
8.180132471999968402e+00
7.929371188999994047e+00
7.962620796999999584e+00
7.971482073000061064e+00
7.907701988999633613e+00
7.726734062000105041e+00
7.786644240999976319e+00
7.832740329000444035e+00
7.716924949999793171e+00
7.558598130000063975e+00
7.585635189000186074e+00
7.625816919000044436e+00
7.507249229999615636e+00
7.393221801999970921e+00
7.360271270999874105e+00
7.431748685000002297e+00
7.235884407999947143e+00
7.118353944999853411e+00
7.227025271999991674e+00
7.317751846999726695e+00
7.215419124999698397e+00
6.979209604000061518e+00
7.098607131999870035e+00
7.003639950999968278e+00
