5.571775828800000596e+01
4.667832662400000743e+01
4.195130080100000214e+01
3.910505260200000066e+01
3.679296101400001362e+01
3.425474809199997139e+01
3.270254327899999680e+01
3.073771839899995939e+01
3.011766293699997732e+01
2.780286863800000674e+01
2.678374948300000824e+01
2.664628000899995186e+01
2.299661981899998864e+01
2.163406999300002553e+01
2.201101587999994535e+01
1.993500198300000648e+01
1.917764302099999441e+01
1.852239567300000544e+01
1.788167960400005541e+01
1.712631677500007754e+01
1.665664575300002070e+01
1.593144716400001926e+01
1.561607995600002141e+01
1.572241558799998984e+01
1.507687674500004960e+01
1.488788883500001248e+01
1.411361956899997949e+01
1.397323280299997350e+01
1.374175707699998839e+01
1.299377003200004310e+01
1.269095088799997484e+01
1.242237754499990388e+01
1.212098939299994527e+01
1.230001557200000661e+01
1.183925249799995072e+01
1.160946894100004556e+01
1.119688109399999121e+01
1.110789178400000310e+01
1.091941928400001416e+01
1.084849021899992749e+01
1.072601695200000904e+01
1.028226892999998654e+01
1.034673135200000615e+01
9.928546250000067630e+00
1.008382769899992581e+01
9.675771720000057030e+00
9.715377188000047681e+00
9.881911489999993137e+00
9.508745322000095257e+00
9.258618163999926765e+00
8.831839789000014207e+00
9.014342666999937137e+00
8.876088719999870591e+00
8.715539715999966575e+00
8.404189001999839093e+00
8.477637632999858397e+00
8.479608176000056119e+00
8.400727399000061268e+00
8.164834513999949195e+00
8.059834915999999794e+00
8.206078665000177352e+00
7.912629964999950971e+00
7.748853314999905706e+00
7.773962384000014936e+00
7.729855925000038042e+00
7.460771299000043655e+00
7.422237155999937386e+00
7.316467463000208227e+00
7.443183547999979055e+00
7.263724370999852908e+00
7.098993241000016496e+00
7.155797369000083563e+00
7.072980997000058778e+00
6.971654048000118564e+00
7.034508093000113149e+00
6.936977052999964144e+00
6.919092715000033422e+00
6.783884174999911920e+00
6.658890804999828106e+00
6.689781077000134246e+00
6.636958090000007360e+00
6.500439905999883194e+00
6.410176384000124017e+00
6.389727756000183945e+00
6.403076808999912828e+00
6.285473519000106535e+00
6.146018146999949749e+00
6.255531494000024395e+00
6.317880859000069904e+00
6.327617732999897271e+00
6.073583167999913712e+00
6.007501874999888969e+00
6.039024810999990223e+00
6.013665032000062638e+00
5.884011822000047687e+00
5.871350636999977723e+00
5.862103668000145262e+00
5.700759412000024895e+00
5.741024455000115267e+00
5.703517939999983355e+00
5.722359308000022793e+00
5.700207698999975037e+00
5.535037065000096845e+00
5.582048296000039045e+00
5.653397887999972227e+00
5.495502115000135746e+00
5.423366573999828688e+00
5.355567315999905986e+00
5.460323950999963927e+00
5.413160483999945427e+00
5.357658652999816695e+00
5.304359271999828707e+00
5.191715244000079110e+00
5.232947868000110248e+00
5.210853606999990006e+00
5.177313615999992180e+00
5.083636164999916218e+00
4.997277219000125115e+00
4.969233356999893658e+00
4.941358644000047207e+00
5.034538964999910604e+00
4.999745194999832165e+00
4.965915531999826271e+00
4.978900706000104037e+00
4.942955423999819686e+00
4.857114049999836425e+00
4.718151323000029151e+00
4.656568128000117213e+00
4.722197037000114506e+00
4.604969251000056829e+00
4.572796155000105500e+00
4.659574741999904290e+00
4.654192822000140950e+00
4.534994291999964844e+00
4.509573837999823809e+00
4.565136297999970338e+00
4.665708345999973972e+00
4.599437825999984852e+00
4.568548341999985496e+00
4.600580334000142102e+00
4.439383283999859486e+00
