5.708913951699999956e+01
4.519990841999999986e+01
4.183662970400000347e+01
3.930960019099998703e+01
3.689112719999999968e+01
3.459497408400002882e+01
3.283276398399999607e+01
3.164114839600000550e+01
2.937809267400001545e+01
2.905978467500000306e+01
2.665529649600000539e+01
2.424724377199999026e+01
2.331352156000002651e+01
2.175794203399993876e+01
2.173881142600009753e+01
2.003725692800003344e+01
1.922667276199990738e+01
1.837667787199995928e+01
1.796312094400002479e+01
1.715118724699993891e+01
1.662735187700002371e+01
1.599503083700005845e+01
1.557310907099997621e+01
1.532001330799994321e+01
1.494366137300005448e+01
1.445774573500000315e+01
1.394642548500007706e+01
1.377983070400000543e+01
1.335810010799991687e+01
1.325883108599998650e+01
1.278444388299999446e+01
1.261312781399999494e+01
1.268840485399994122e+01
1.196710400400002072e+01
1.190786573200000475e+01
1.143162034600004517e+01
1.130072020299996893e+01
1.101360804000000826e+01
1.094220439100001840e+01
1.093494623300000512e+01
1.057121956299999965e+01
1.047495817000003626e+01
1.019567509000000882e+01
9.914015433999907145e+00
9.883752610999977151e+00
9.622950786999922457e+00
9.556057119000115563e+00
9.468025630999818532e+00
9.535823342999947272e+00
9.225822545000028185e+00
8.961096976000135328e+00
8.998617591999845899e+00
8.922267084999930375e+00
8.713552721000041856e+00
8.458788110000114102e+00
8.675172585999916919e+00
8.614653918000158228e+00
8.433295885999996244e+00
8.209627994999891598e+00
8.168153253000127734e+00
8.076815441000007922e+00
8.024214546000166592e+00
7.707757877999938501e+00
7.795428889000049821e+00
7.785680403000014849e+00
7.585171217000151955e+00
7.429105842999888409e+00
7.402497519999997166e+00
7.491430229000116015e+00
7.253039800000124160e+00
7.048077798000122129e+00
7.165283276000081969e+00
7.078193650999992315e+00
7.000409865999927206e+00
6.997394582999959312e+00
6.850672986000063247e+00
6.827630659000078595e+00
6.702206700000033379e+00
6.629663057000016124e+00
6.647022201000027053e+00
6.574933266000016374e+00
6.417186926999875141e+00
6.197769543000049453e+00
6.400810936999960177e+00
6.373818947000017943e+00
6.296037355999942520e+00
6.095001817000138544e+00
6.327331205000064074e+00
6.333001478999904066e+00
6.151004715999988548e+00
6.091915292999829035e+00
6.153021462000197062e+00
6.070498786999905860e+00
5.990216434999865669e+00
5.937023093999869161e+00
5.987542483999959586e+00
5.849266396999837525e+00
5.808015455000031579e+00
5.614956457000062073e+00
5.626788805999922261e+00
5.621249310999928639e+00
5.642986949000032837e+00
5.632559174000107305e+00
5.602188200000000506e+00
5.589494422999905510e+00
5.544717127000012624e+00
5.329840158000024530e+00
5.304451078000056441e+00
5.313087287999906039e+00
5.316739356999960364e+00
5.395764280000094004e+00
5.192019682999898578e+00
5.276827242999843293e+00
5.196757053000055748e+00
5.028853970999989542e+00
5.089949996000086685e+00
5.114058245000023817e+00
5.018047313999886683e+00
5.158694886999910523e+00
4.989509330000146292e+00
4.990755968000030407e+00
4.969259623999960240e+00
4.924812192999979743e+00
4.857428974999947968e+00
4.858774503999939043e+00
4.750410423999937848e+00
4.787402891000056115e+00
4.653135091999956785e+00
4.732238874999893596e+00
4.591425033999939842e+00
4.624368104000041058e+00
4.591325338999922678e+00
4.709542827999939618e+00
4.594165753000197583e+00
4.516155274999846370e+00
4.627343822999819167e+00
4.621469563999880847e+00
4.540467352000177925e+00
4.468233433000023069e+00
4.492487085999982810e+00
4.475423186999933023e+00
