4.902033108599994193e+01
4.468718802000012147e+01
4.163576643099986541e+01
3.871340275299985478e+01
3.637919907100013006e+01
3.420181231499987007e+01
3.235125571799994759e+01
3.036084540399997422e+01
2.981681568299995888e+01
2.831483099899992339e+01
2.672704403300008380e+01
2.378430784000011045e+01
2.306913723100001334e+01
2.133849266700008229e+01
2.147347728400018241e+01
2.157051558099988142e+01
1.895982342599995718e+01
1.815096435999998903e+01
1.765272918099981325e+01
1.709188671800006887e+01
1.712072735500009912e+01
1.592789234199995008e+01
1.550138854700003321e+01
1.540144368800019947e+01
1.485439838499996767e+01
1.469257923800000754e+01
1.387840825099965514e+01
1.366812040199965850e+01
1.328590909600006853e+01
1.297326641499967081e+01
1.266719950400010930e+01
1.238533530099994096e+01
1.227006371300012688e+01
1.196660219300019889e+01
1.183718418800026484e+01
1.144397704399989379e+01
1.109879058799970153e+01
1.090508572999988246e+01
1.091964277199986100e+01
1.075267800099982196e+01
1.093044680000002700e+01
1.031561013200007437e+01
1.014722071799997138e+01
9.979676034000021900e+00
1.004507107400013410e+01
9.578040222999788966e+00
9.530250165000325069e+00
9.644225343000016437e+00
9.531664530999933049e+00
9.203119151000009879e+00
8.838623768000161363e+00
8.944643139999698178e+00
8.912271537999913562e+00
8.635264241000186303e+00
8.394208684000204812e+00
8.513575316000242310e+00
8.600113252000028297e+00
8.349716147999970417e+00
8.383025200999782101e+00
8.108771705999970436e+00
8.046429905999957555e+00
8.049928532999729214e+00
7.720865993000188610e+00
7.730817599000147311e+00
7.744737323000208562e+00
7.613666319999992993e+00
7.475251808999928471e+00
7.356437497999650077e+00
7.437176782999813440e+00
7.221038618999955361e+00
7.046691339000062726e+00
7.108041482000317046e+00
7.091590643000017735e+00
6.973695411999869975e+00
6.976704953000080422e+00
6.966994096999769681e+00
6.882495525999729580e+00
6.699744525000369322e+00
6.574818095999944489e+00
6.744558416000018042e+00
6.638128666999818961e+00
6.407758920000105718e+00
6.284002870000222174e+00
6.398153685000124824e+00
6.374063057000057597e+00
6.327910130999953253e+00
6.157789588000014191e+00
6.322665727000185143e+00
6.284888477000095008e+00
6.182463870999981737e+00
6.060337668000101985e+00
6.013839926000400737e+00
6.086665351000192459e+00
5.920885859999998502e+00
5.928264517000116030e+00
5.904384999999820138e+00
5.876286428999719647e+00
5.810796487000061461e+00
5.719899171999713872e+00
5.631328488999770343e+00
5.715198823999799060e+00
5.609983694999755244e+00
5.630673445999946125e+00
5.498830685000029916e+00
5.561855628000103025e+00
5.463639903999592207e+00
5.473333495999668230e+00
5.466761593000228459e+00
5.402948935000040365e+00
5.373618244000226696e+00
5.187347383000087575e+00
5.228113644000131899e+00
5.149812120999740728e+00
5.195014263000302890e+00
5.240931183999691712e+00
5.046783227000105398e+00
5.090591333999782364e+00
5.091373707000002469e+00
5.086313983000309236e+00
4.991014145000008284e+00
5.050384955000026821e+00
4.879450710000128311e+00
4.881051685999864276e+00
4.989728098999876238e+00
5.140062203000070440e+00
4.854432932000236178e+00
4.738446806999945693e+00
4.670196409999789466e+00
4.782260875000247324e+00
4.662715539000146237e+00
4.599230381999859674e+00
4.594925809999949706e+00
4.676610150999749749e+00
4.548715247000018280e+00
4.603441110999938246e+00
4.587323061999995844e+00
4.506938706000255479e+00
4.496516477999648487e+00
4.363189996000073734e+00
4.505560332999721140e+00
4.399985597000068083e+00
