9.432670525000000339e+01
8.365375624800000764e+01
7.373413984699996604e+01
6.914589030399997682e+01
6.500497803199999680e+01
6.038218331900003477e+01
5.774806626899993489e+01
5.566295611600003213e+01
4.956193196699996406e+01
4.568655376699996395e+01
4.366798970299998928e+01
4.219108916899995165e+01
4.078727326299997458e+01
3.870301937700003236e+01
3.730393830199989225e+01
3.535956775199997537e+01
3.443904262000000926e+01
3.328349613799991857e+01
3.208952465999982451e+01
3.081334425099998953e+01
3.001134407400013515e+01
2.894114993900006993e+01
2.803146376699987741e+01
2.823399618999997074e+01
2.795525958000007449e+01
2.641575313499993172e+01
2.558321305000004031e+01
2.556292738199999803e+01
2.426095811799996227e+01
2.424517779200004952e+01
2.323091617899990524e+01
2.263110504999986006e+01
2.208608702700007598e+01
2.171301101199992445e+01
2.149975736200008214e+01
2.093023210900014419e+01
2.065348481299997729e+01
2.044652446300005977e+01
1.953716144300005908e+01
1.942332189099988682e+01
1.861760354800003370e+01
1.847401090299990756e+01
1.837987937000002603e+01
1.854142244600006961e+01
1.761582729199994901e+01
1.719363745400005428e+01
1.725043021400006182e+01
1.754867657199997666e+01
1.710867549999989023e+01
1.682852324800001043e+01
1.613783857599992189e+01
1.633808009199992739e+01
1.607801100599999700e+01
1.578742369199994755e+01
1.515187499500007107e+01
1.543855416200017316e+01
1.522168541700011701e+01
1.495292125499986469e+01
1.446518329399987124e+01
1.463984043799996471e+01
1.434270494100019278e+01
1.398893790800002535e+01
1.366582211800005098e+01
1.383853508600032001e+01
1.398029993599993759e+01
1.333885961799978759e+01
1.281714308700020410e+01
1.301320552100014538e+01
1.316811787500000719e+01
1.271848512299993672e+01
1.217776274600009856e+01
1.249637701700021353e+01
1.229749092899965035e+01
1.212855634200013810e+01
1.180316864199994598e+01
1.195888339400016775e+01
1.195717397899989010e+01
1.162645311000005677e+01
1.127076219399987167e+01
1.151016221899999437e+01
1.143383928100001867e+01
1.115520868399971732e+01
1.073079175500015481e+01
1.095930451799995353e+01
1.091795737099982944e+01
1.078588093600001230e+01
1.065323219699985202e+01
1.067596116699996855e+01
1.082835925800009136e+01
1.044203521700001147e+01
1.017358285300042553e+01
1.047312684400003491e+01
1.026543403300001955e+01
1.006889777599963054e+01
9.791060818000005384e+00
9.880770208999820170e+00
9.751773049999883369e+00
9.601577371000075800e+00
9.336032907999651798e+00
9.444364627000140899e+00
9.397678410000025906e+00
9.364503497999976389e+00
9.034096522000254481e+00
9.109585029999834660e+00
9.135810618000050454e+00
9.004380179999770917e+00
8.761043267999866657e+00
8.789004831000056583e+00
8.738482227000076819e+00
8.756293461000041134e+00
8.489784350999798335e+00
8.569026914000005490e+00
8.436529454999799782e+00
8.518414881000353489e+00
8.172722266000164382e+00
8.250859111999943707e+00
8.247273094999854948e+00
8.081577276000189158e+00
8.000328140999954485e+00
8.077478987999711535e+00
8.050383962000069005e+00
7.985040398999899480e+00
7.756619076999868412e+00
7.927122054999927059e+00
7.794363570000314212e+00
7.806027018000349926e+00
7.571436168000218458e+00
7.709836284999710188e+00
7.612126497000190284e+00
7.539868469999873923e+00
7.405661732999760716e+00
7.360451760000159993e+00
7.386180663999766693e+00
7.300451124000119307e+00
7.262415069999860862e+00
7.202381949000027817e+00
7.317841581000266160e+00
7.169959337999898707e+00
7.050272017000224878e+00
7.080342184000073757e+00
7.064032660000066244e+00
