1.019324227599999944e+02
8.075907319700000642e+01
7.390374662600001443e+01
6.887664877100002059e+01
6.665193800999998075e+01
6.210233405100001391e+01
5.795895672200003901e+01
5.322364416100003837e+01
4.987154937200000404e+01
4.560473798000009538e+01
4.514619885000001887e+01
4.395914336999999250e+01
3.974646979499993904e+01
3.952251768199994331e+01
3.764448112800005219e+01
3.567404474600004960e+01
3.450518126300005406e+01
3.299135354400004871e+01
3.247172875000001113e+01
3.091851656800008641e+01
2.994489202199997635e+01
2.882460726399995110e+01
2.795342089199994007e+01
2.777624305999984244e+01
2.732657566500006396e+01
2.645106882300001416e+01
2.550778993400012951e+01
2.499708501600002819e+01
2.428377947900003164e+01
2.359894582399988394e+01
2.335686732999988635e+01
2.249250485000015942e+01
2.221072836100006498e+01
2.169127397599982032e+01
2.186155026999995243e+01
2.147023373499996524e+01
2.038256776200000786e+01
1.987910277500009215e+01
1.943391028999985792e+01
1.920268236799984152e+01
1.972924649400010821e+01
1.848218744699988747e+01
1.846789929100009431e+01
1.837148000000001957e+01
1.762161944800004676e+01
1.723711109700002453e+01
1.724555339100015772e+01
1.767249025499995696e+01
1.732327911100014717e+01
1.660036431300000004e+01
1.583299287500017272e+01
1.595673439300003338e+01
1.625073424299989711e+01
1.602518935700004477e+01
1.554694713800017780e+01
1.538007752099997560e+01
1.534582236300002478e+01
1.489242769799989219e+01
1.462446760499983611e+01
1.444412588899990624e+01
1.461101806499982558e+01
1.409230731500019829e+01
1.383663982999996733e+01
1.377706614899989290e+01
1.392368009199981316e+01
1.331650130900015938e+01
1.278114332999984981e+01
1.304947344300035184e+01
1.326164545099982206e+01
1.269108139600029972e+01
1.227112290300010500e+01
1.253767010000001392e+01
1.242536244899974918e+01
1.225670503699984693e+01
1.182146070899989354e+01
1.196336270699976012e+01
1.213893656199979887e+01
1.164888780199999019e+01
1.114765240999986418e+01
1.149560543200004759e+01
1.137041539300025761e+01
1.109302644499985036e+01
1.080569336300004579e+01
1.099006471799975770e+01
1.092099966000023414e+01
1.078161201600005370e+01
1.063827896699967823e+01
1.077779992099976880e+01
1.081703194000010626e+01
1.043009327300023870e+01
1.010110931200006235e+01
1.043907974600006128e+01
1.027711175600006754e+01
1.000765225799977998e+01
9.757897438999862061e+00
9.772012830000221584e+00
9.744159922000108054e+00
9.570237563999853592e+00
9.469521906999943894e+00
9.448194276999856811e+00
9.472733825999966939e+00
9.378959782000038103e+00
9.053891951999958110e+00
9.073091196999939712e+00
9.106081704999724025e+00
8.888049168000179634e+00
8.761169577000146091e+00
8.748948878000192053e+00
8.786130539999703615e+00
8.762413263999860646e+00
8.446258296999985760e+00
8.513511362999906851e+00
8.550831190999815590e+00
8.548399679999874934e+00
8.218228602999715804e+00
8.318620674999692710e+00
8.311055937000219274e+00
8.277913975000046776e+00
8.119114411999817094e+00
8.009542827000132093e+00
8.027321128000039607e+00
7.966779212000346888e+00
7.790749538999989454e+00
7.903030983999997261e+00
7.916447523999977420e+00
7.884477717999743618e+00
7.581557233000239648e+00
7.602592889999868930e+00
7.759910725999816350e+00
7.443455201000233501e+00
7.503439272999912646e+00
7.354004406000058225e+00
7.492705253999702109e+00
7.311845059999996010e+00
7.280038170999887370e+00
7.285772820000147476e+00
7.348113708999790106e+00
7.246710158000041702e+00
7.042534791999969457e+00
7.235488626999995176e+00
7.061216438999963430e+00
