1.003667931556701660e+02
8.606591963768005371e+01
7.561449193954467773e+01
7.099159026145935059e+01
6.674728822708129883e+01
6.192206883430480957e+01
5.909673309326171875e+01
5.751301193237304688e+01
6.441275000572204590e+01
5.771571969985961914e+01
5.448441743850708008e+01
6.472482466697692871e+01
6.106402230262756348e+01
6.212264919281005859e+01
6.094798088073730469e+01
5.744834685325622559e+01
5.890917325019836426e+01
5.825684714317321777e+01
5.733950495719909668e+01
5.674700736999511719e+01
5.634517288208007812e+01
5.565357208251953125e+01
5.537381601333618164e+01
5.317471981048583984e+01
5.281628656387329102e+01
6.025917696952819824e+01
5.804246854782104492e+01
5.416824722290039062e+01
6.021250224113464355e+01
5.355036854743957520e+01
5.460003471374511719e+01
5.682541656494140625e+01
5.814569926261901855e+01
5.648331427574157715e+01
5.398943519592285156e+01
5.723343944549560547e+01
5.611946272850036621e+01
5.174001193046569824e+01
5.519400000572204590e+01
5.745901393890380859e+01
5.858140087127685547e+01
6.395031809806823730e+01
5.643290781974792480e+01
5.217777037620544434e+01
5.757641100883483887e+01
5.683927536010742188e+01
5.549310445785522461e+01
5.156082892417907715e+01
5.137643766403198242e+01
5.133359527587890625e+01
5.482119560241699219e+01
5.097894334793090820e+01
5.079385757446289062e+01
5.082888555526733398e+01
5.387380290031433105e+01
5.281531214714050293e+01
5.300780916213989258e+01
5.261456084251403809e+01
5.644870233535766602e+01
5.314248919486999512e+01
5.224061918258666992e+01
5.194623517990112305e+01
5.489604187011718750e+01
5.140194702148437500e+01
5.180754947662353516e+01
5.158394145965576172e+01
5.517021584510803223e+01
5.162512111663818359e+01
5.174507498741149902e+01
5.133017778396606445e+01
5.418930006027221680e+01
5.177459144592285156e+01
5.164173221588134766e+01
5.188027596473693848e+01
5.530915975570678711e+01
5.120477294921875000e+01
5.129312562942504883e+01
5.117556881904602051e+01
5.514976596832275391e+01
5.124949169158935547e+01
5.116667532920837402e+01
5.044237136840820312e+01
5.456603479385375977e+01
5.060624718666076660e+01
5.042367720603942871e+01
5.068507838249206543e+01
5.411822605133056641e+01
5.228519725799560547e+01
5.230981612205505371e+01
5.199457240104675293e+01
5.524823498725891113e+01
5.190490698814392090e+01
5.176451706886291504e+01
5.136920857429504395e+01
5.520119380950927734e+01
5.155206537246704102e+01
5.141901350021362305e+01
5.104447388648986816e+01
5.483473062515258789e+01
5.078956246376037598e+01
5.061573743820190430e+01
5.105726027488708496e+01
5.456285309791564941e+01
5.141673278808593750e+01
5.116739225387573242e+01
5.112177777290344238e+01
5.556607866287231445e+01
5.111287879943847656e+01
5.100025439262390137e+01
5.115068840980529785e+01
5.475923681259155273e+01
5.082861804962158203e+01
5.073984408378601074e+01
5.080873775482177734e+01
5.409252548217773438e+01
5.032393479347229004e+01
5.070611667633056641e+01
5.041416549682617188e+01
5.397900819778442383e+01
5.148943161964416504e+01
5.149010396003723145e+01
5.159781432151794434e+01
5.580748844146728516e+01
5.167489051818847656e+01
5.144066405296325684e+01
5.140456199645996094e+01
5.535583877563476562e+01
5.081576728820800781e+01
5.099819803237915039e+01
5.085572552680969238e+01
5.488326025009155273e+01
5.064530038833618164e+01
5.084199595451354980e+01
5.058785963058471680e+01
5.452895951271057129e+01
5.085946965217590332e+01
5.116982698440551758e+01
5.122528386116027832e+01
5.505672597885131836e+01
5.125429010391235352e+01
5.072786545753479004e+01
