5.049828934669494629e+01
4.623252248764038086e+01
4.289850401878356934e+01
4.010585808753967285e+01
3.740899610519409180e+01
3.551738071441650391e+01
3.377287387847900391e+01
3.158987879753112793e+01
3.105733919143676758e+01
2.969164943695068359e+01
2.817354702949523926e+01
3.040379524230957031e+01
3.107821369171142578e+01
3.151825904846191406e+01
2.787540197372436523e+01
2.774539184570312500e+01
3.049165964126586914e+01
2.986541557312011719e+01
2.955928921699523926e+01
2.903248047828674316e+01
2.658530020713806152e+01
2.853241801261901855e+01
2.813715028762817383e+01
3.135939264297485352e+01
2.908432245254516602e+01
2.739672374725341797e+01
2.805038905143737793e+01
3.056132817268371582e+01
3.055857706069946289e+01
3.045452666282653809e+01
2.869526076316833496e+01
2.992178034782409668e+01
2.964148902893066406e+01
2.926740097999572754e+01
2.795828557014465332e+01
2.879286313056945801e+01
2.873056173324584961e+01
2.816663885116577148e+01
2.842922925949096680e+01
2.910720920562744141e+01
2.968037509918212891e+01
2.880992269515991211e+01
2.877419781684875488e+01
2.695634579658508301e+01
2.677090692520141602e+01
2.903656125068664551e+01
2.848087525367736816e+01
2.682104635238647461e+01
2.919448947906494141e+01
2.617461490631103516e+01
2.800779652595520020e+01
2.613232469558715820e+01
2.612757420539855957e+01
2.592817234992980957e+01
2.788774776458740234e+01
2.730447340011596680e+01
2.713682532310485840e+01
2.699856734275817871e+01
2.893124413490295410e+01
2.689189410209655762e+01
2.674614095687866211e+01
2.718705368041992188e+01
2.764872312545776367e+01
2.673403143882751465e+01
2.648042774200439453e+01
2.648550510406494141e+01
2.836429333686828613e+01
2.622707509994506836e+01
2.643949174880981445e+01
2.630138278007507324e+01
2.776567983627319336e+01
2.677421641349792480e+01
2.644402885437011719e+01
2.647838354110717773e+01
2.835399317741394043e+01
2.644069337844848633e+01
2.639200758934020996e+01
2.605599021911621094e+01
2.823700428009033203e+01
2.630274558067321777e+01
2.636912202835083008e+01
2.593545532226562500e+01
2.798869180679321289e+01
2.611328291893005371e+01
2.598538994789123535e+01
2.609363818168640137e+01
2.765644907951354980e+01
2.698330855369567871e+01
2.693061470985412598e+01
2.685542893409729004e+01
2.797896981239318848e+01
2.673161220550537109e+01
2.679065895080566406e+01
2.668549251556396484e+01
2.834465646743774414e+01
2.653358745574951172e+01
2.648313665390014648e+01
2.632292604446411133e+01
2.825305557250976562e+01
2.636297941207885742e+01
2.629809856414794922e+01
2.640390825271606445e+01
2.812109637260437012e+01
2.670529103279113770e+01
2.659898447990417480e+01
2.651840186119079590e+01
2.882845497131347656e+01
2.658527398109436035e+01
2.651860690116882324e+01
2.672621726989746094e+01
2.838279390335083008e+01
2.634777855873107910e+01
2.630879664421081543e+01
2.637427043914794922e+01
2.809917688369750977e+01
2.619664669036865234e+01
2.637505602836608887e+01
2.629437160491943359e+01
2.813580012321472168e+01
2.693809413909912109e+01
2.693526935577392578e+01
2.679424738883972168e+01
2.892560577392578125e+01
2.693665504455566406e+01
2.681876707077026367e+01
2.691914010047912598e+01
2.872288465499877930e+01
2.637780356407165527e+01
2.713147091865539551e+01
2.681330370903015137e+01
2.863111519813537598e+01
2.637635421752929688e+01
2.686025762557983398e+01
2.636215972900390625e+01
2.820323824882507324e+01
2.648897385597229004e+01
2.666454529762268066e+01
2.674558043479919434e+01
2.849333119392395020e+01
2.683348584175109863e+01
2.649185514450073242e+01
