1.082431948184967041e+02
8.276416516304016113e+01
7.610941076278686523e+01
7.077319049835205078e+01
6.831365537643432617e+01
6.354411864280700684e+01
5.965267348289489746e+01
5.815605163574218750e+01
5.748480892181396484e+01
6.095433545112609863e+01
6.033405303955078125e+01
5.538290262222290039e+01
5.704098415374755859e+01
5.428948473930358887e+01
5.761313486099243164e+01
5.974808406829833984e+01
5.891954135894775391e+01
5.812746691703796387e+01
5.595402407646179199e+01
5.646078729629516602e+01
5.586856126785278320e+01
5.511961770057678223e+01
5.439096093177795410e+01
6.133991599082946777e+01
6.019927334785461426e+01
5.686326098442077637e+01
5.744057178497314453e+01
5.948709130287170410e+01
5.998257184028625488e+01
5.986313033103942871e+01
5.627373957633972168e+01
5.815644264221191406e+01
5.792770934104919434e+01
5.718028640747070312e+01
5.473650455474853516e+01
5.197213864326477051e+01
5.594339847564697266e+01
5.514321756362915039e+01
5.954293417930603027e+01
5.681332969665527344e+01
5.806358790397644043e+01
5.809980034828186035e+01
5.629084134101867676e+01
5.191293311119079590e+01
5.688028740882873535e+01
5.652220535278320312e+01
5.538553619384765625e+01
5.164659929275512695e+01
5.135919880867004395e+01
5.121633505821228027e+01
5.471708416938781738e+01
5.052523994445800781e+01
5.056401801109313965e+01
5.040777826309204102e+01
5.381399130821228027e+01
5.257536149024963379e+01
5.234863519668579102e+01
5.241465258598327637e+01
5.592282748222351074e+01
5.188263678550720215e+01
5.189563632011413574e+01
5.176558780670166016e+01
5.542055964469909668e+01
5.129516172409057617e+01
5.162829542160034180e+01
5.133987355232238770e+01
5.516748666763305664e+01
5.098068857192993164e+01
5.123282051086425781e+01
5.096155786514282227e+01
5.381984138488769531e+01
5.176875615119934082e+01
5.175172758102416992e+01
5.145232725143432617e+01
5.510641217231750488e+01
5.114698028564453125e+01
5.125361943244934082e+01
5.084510207176208496e+01
5.513226461410522461e+01
5.106109786033630371e+01
5.104642057418823242e+01
5.045567178726196289e+01
5.451127505302429199e+01
5.027855849266052246e+01
5.040333271026611328e+01
5.026846933364868164e+01
5.386877226829528809e+01
5.206774616241455078e+01
5.197069048881530762e+01
5.189481163024902344e+01
5.510769677162170410e+01
5.185349726676940918e+01
5.155738854408264160e+01
5.131149315834045410e+01
5.515046620368957520e+01
5.113912558555603027e+01
5.121479701995849609e+01
5.095417475700378418e+01
5.445320034027099609e+01
5.071614980697631836e+01
5.052147936820983887e+01
5.082502961158752441e+01
5.427497863769531250e+01
5.108711409568786621e+01
5.117476606369018555e+01
5.069217038154602051e+01
5.530375719070434570e+01
5.109263539314270020e+01
5.060201930999755859e+01
5.100871753692626953e+01
5.454452180862426758e+01
5.050847554206848145e+01
5.049608469009399414e+01
5.082915878295898438e+01
5.384696245193481445e+01
5.024874019622802734e+01
5.040380072593688965e+01
5.014220428466796875e+01
5.389101982116699219e+01
5.145463252067565918e+01
5.113785099983215332e+01
5.151294732093811035e+01
5.572655534744262695e+01
5.164729332923889160e+01
5.112708687782287598e+01
5.151051259040832520e+01
5.534135866165161133e+01
5.076739287376403809e+01
5.107819437980651855e+01
5.066759085655212402e+01
5.448922562599182129e+01
5.036808180809020996e+01
5.107656836509704590e+01
5.055313158035278320e+01
5.437192702293395996e+01
5.108078241348266602e+01
5.108823347091674805e+01
5.119859409332275391e+01
5.503257226943969727e+01
5.128774380683898926e+01
5.068765234947204590e+01
