1.076603689193725586e+02
8.392933511734008789e+01
7.575407505035400391e+01
7.092889952659606934e+01
6.620356416702270508e+01
6.229916620254516602e+01
5.912885260581970215e+01
5.671798491477966309e+01
5.751488685607910156e+01
5.407595753669738770e+01
5.522133445739746094e+01
6.443525028228759766e+01
5.487740397453308105e+01
6.168985795974731445e+01
5.775833296775817871e+01
5.757824492454528809e+01
5.903598856925964355e+01
5.887953853607177734e+01
5.501867437362670898e+01
5.647530174255371094e+01
5.597861337661743164e+01
5.511604070663452148e+01
5.487364912033081055e+01
5.320736837387084961e+01
6.029351782798767090e+01
6.023253798484802246e+01
5.779782104492187500e+01
5.947678804397583008e+01
5.379358768463134766e+01
5.954551410675048828e+01
5.401322722434997559e+01
5.822758531570434570e+01
5.694381809234619141e+01
5.730278754234313965e+01
5.503282880783081055e+01
5.655303430557250977e+01
5.600278258323669434e+01
5.546149659156799316e+01
5.492373013496398926e+01
5.286278796195983887e+01
5.249226784706115723e+01
5.819332742691040039e+01
5.648961687088012695e+01
5.755047965049743652e+01
5.713120913505554199e+01
5.674722194671630859e+01
5.543370103836059570e+01
5.156229424476623535e+01
5.163505554199218750e+01
5.120152902603149414e+01
5.508435344696044922e+01
5.090263915061950684e+01
5.058062100410461426e+01
5.054378199577331543e+01
5.365742111206054688e+01
5.257509732246398926e+01
5.277261900901794434e+01
5.238928055763244629e+01
5.457871270179748535e+01
5.199136638641357422e+01
5.224740242958068848e+01
5.159612321853637695e+01
5.665327858924865723e+01
5.183843660354614258e+01
5.188416123390197754e+01
5.255297613143920898e+01
5.523214149475097656e+01
5.114204430580139160e+01
5.140911579132080078e+01
5.091975116729736328e+01
5.385335612297058105e+01
5.172946310043334961e+01
5.131034159660339355e+01
5.145488357543945312e+01
5.521221137046813965e+01
5.146529555320739746e+01
5.144931030273437500e+01
5.094023466110229492e+01
5.547887063026428223e+01
5.098231673240661621e+01
5.114166378974914551e+01
5.055560302734375000e+01
5.480244302749633789e+01
5.068832015991210938e+01
5.043135118484497070e+01
5.070558619499206543e+01
5.391965961456298828e+01
5.217002511024475098e+01
5.737700510025024414e+01
5.193282699584960938e+01
5.409322547912597656e+01
5.220459270477294922e+01
5.166108298301696777e+01
5.146899437904357910e+01
5.497174811363220215e+01
5.141412305831909180e+01
5.142305159568786621e+01
5.101820540428161621e+01
5.460299611091613770e+01
5.077328252792358398e+01
5.040825009346008301e+01
5.104354238510131836e+01
5.484059000015258789e+01
5.134874629974365234e+01
5.127438163757324219e+01
5.097928833961486816e+01
5.488189029693603516e+01
5.095341420173645020e+01
5.126077437400817871e+01
5.108325767517089844e+01
5.499914932250976562e+01
5.060063290596008301e+01
5.114227986335754395e+01
5.091154122352600098e+01
5.399655365943908691e+01
5.043352127075195312e+01
5.051688480377197266e+01
5.042530822753906250e+01
5.359434509277343750e+01
5.149377512931823730e+01
5.121706962585449219e+01
5.145738410949707031e+01
5.585164213180541992e+01
5.164772224426269531e+01
5.113790464401245117e+01
5.139690732955932617e+01
5.555993080139160156e+01
5.078157854080200195e+01
5.112249064445495605e+01
5.060574674606323242e+01
5.504227566719055176e+01
5.071062779426574707e+01
5.106265616416931152e+01
5.055367732048034668e+01
5.459560179710388184e+01
5.073277473449707031e+01
5.131059360504150391e+01
5.150861811637878418e+01
5.509820604324340820e+01
5.122499585151672363e+01
5.109963846206665039e+01
