6.086423254013061523e+01
4.812970185279846191e+01
4.344149518013000488e+01
4.041951870918273926e+01
3.832915925979614258e+01
3.566196966171264648e+01
3.397159504890441895e+01
3.209173822402954102e+01
3.126103019714355469e+01
2.977975583076477051e+01
3.116648054122924805e+01
2.877160072326660156e+01
3.209542560577392578e+01
3.136291146278381348e+01
2.958887720108032227e+01
3.053382086753845215e+01
3.015021729469299316e+01
2.971172142028808594e+01
2.939539194107055664e+01
2.890115475654602051e+01
2.867214465141296387e+01
2.829480767250061035e+01
2.799716401100158691e+01
2.724427866935729980e+01
3.092752289772033691e+01
2.737312769889831543e+01
3.055876636505126953e+01
2.779243540763854980e+01
2.767085576057434082e+01
3.035373020172119141e+01
2.872339606285095215e+01
2.977269029617309570e+01
2.954462242126464844e+01
2.691556453704833984e+01
2.808973813056945801e+01
2.889879679679870605e+01
2.843538784980773926e+01
2.823531532287597656e+01
2.847659802436828613e+01
2.724921703338623047e+01
2.709228372573852539e+01
3.000208330154418945e+01
3.075126814842224121e+01
2.861830854415893555e+01
2.665558695793151855e+01
2.899151372909545898e+01
2.841267156600952148e+01
2.680463600158691406e+01
2.653931403160095215e+01
2.624646949768066406e+01
2.792389011383056641e+01
2.623908209800720215e+01
2.610887885093688965e+01
2.605875492095947266e+01
2.749541950225830078e+01
2.698182821273803711e+01
2.700274229049682617e+01
2.712061834335327148e+01
2.789159798622131348e+01
2.654303884506225586e+01
2.668055319786071777e+01
2.666378569602966309e+01
2.817910289764404297e+01
2.644730854034423828e+01
2.661280775070190430e+01
2.854178643226623535e+01
2.867623734474182129e+01
2.649496889114379883e+01
2.631508970260620117e+01
2.635776424407958984e+01
2.779115390777587891e+01
2.721376037597656250e+01
2.649216294288635254e+01
2.649435305595397949e+01
2.837548446655273438e+01
2.645810198783874512e+01
2.638731145858764648e+01
2.608397698402404785e+01
2.809802770614624023e+01
2.634698438644409180e+01
2.636676669120788574e+01
2.615384531021118164e+01
2.801906299591064453e+01
2.620917868614196777e+01
2.590977168083190918e+01
2.611142849922180176e+01
2.776648616790771484e+01
2.709664869308471680e+01
2.682024288177490234e+01
2.700228285789489746e+01
2.851053595542907715e+01
2.682046461105346680e+01
2.675979471206665039e+01
2.694364953041076660e+01
2.840628290176391602e+01
2.662807917594909668e+01
2.670668697357177734e+01
2.648697566986083984e+01
2.842605137825012207e+01
2.646327090263366699e+01
2.636358690261840820e+01
2.635496592521667480e+01
2.820176267623901367e+01
2.679542970657348633e+01
2.668852591514587402e+01
2.646620273590087891e+01
2.879429388046264648e+01
2.659139037132263184e+01
2.640819525718688965e+01
2.653823590278625488e+01
2.840617990493774414e+01
2.645809793472290039e+01
2.659072232246398926e+01
2.662112236022949219e+01
2.831553769111633301e+01
2.644015502929687500e+01
2.852766609191894531e+01
2.635800027847290039e+01
2.810051584243774414e+01
2.686491990089416504e+01
2.673197078704833984e+01
2.680135703086853027e+01
2.907309055328369141e+01
2.693095326423645020e+01
2.676321029663085938e+01
2.684350514411926270e+01
2.865461587905883789e+01
2.653109121322631836e+01
2.677292108535766602e+01
2.640340733528137207e+01
2.851579904556274414e+01
2.635402750968933105e+01
2.671211457252502441e+01
2.644733786582946777e+01
2.841787505149841309e+01
2.651938700675964355e+01
2.665271282196044922e+01
2.676209926605224609e+01
2.872808885574340820e+01
2.692066121101379395e+01
2.653441643714904785e+01
