6.406666684150695801e+01
4.680252575874328613e+01
4.344041991233825684e+01
4.068100166320800781e+01
3.816354203224182129e+01
3.565262818336486816e+01
3.392775321006774902e+01
3.296698021888732910e+01
3.296908426284790039e+01
3.038909101486206055e+01
3.013323998451232910e+01
3.270290970802307129e+01
3.205416059494018555e+01
3.146155810356140137e+01
2.971248292922973633e+01
3.064845705032348633e+01
3.032620143890380859e+01
2.990909695625305176e+01
2.947744035720825195e+01
2.894909119606018066e+01
2.886036705970764160e+01
2.844120192527770996e+01
2.811075019836425781e+01
3.254366564750671387e+01
3.096562194824218750e+01
2.902288651466369629e+01
2.804513263702392578e+01
3.045419955253601074e+01
3.081058979034423828e+01
2.764893865585327148e+01
2.804113030433654785e+01
2.916747713088989258e+01
2.976120281219482422e+01
2.878966927528381348e+01
2.834802937507629395e+01
2.896701478958129883e+01
2.839289855957031250e+01
2.845935225486755371e+01
2.798104214668273926e+01
2.723198390007019043e+01
2.985224223136901855e+01
2.904880785942077637e+01
2.806031203269958496e+01
2.925190210342407227e+01
2.902502083778381348e+01
2.881452417373657227e+01
2.845235824584960938e+01
2.632627344131469727e+01
2.640498113632202148e+01
2.634850883483886719e+01
2.808327078819274902e+01
2.590838527679443359e+01
2.606003189086914062e+01
2.598366522789001465e+01
2.757031083106994629e+01
2.694570875167846680e+01
2.701295542716979980e+01
2.693052792549133301e+01
2.783948254585266113e+01
2.682839369773864746e+01
2.657128190994262695e+01
2.658467459678649902e+01
2.862667536735534668e+01
2.651216745376586914e+01
2.652653956413269043e+01
2.644804692268371582e+01
2.834271883964538574e+01
2.640857362747192383e+01
2.622768521308898926e+01
2.629270339012145996e+01
2.794440531730651855e+01
2.672824692726135254e+01
2.647813630104064941e+01
2.658123803138732910e+01
2.917478060722351074e+01
2.642735838890075684e+01
2.638934755325317383e+01
2.624958157539367676e+01
2.822080874443054199e+01
2.629061484336853027e+01
2.634301710128784180e+01
2.598106980323791504e+01
2.791049337387084961e+01
2.614533352851867676e+01
2.594243693351745605e+01
2.613667869567871094e+01
2.780377721786499023e+01
2.707676506042480469e+01
2.690133047103881836e+01
2.684962606430053711e+01
2.815889596939086914e+01
2.681531000137329102e+01
2.673117709159851074e+01
2.653602385520935059e+01
2.883546996116638184e+01
2.663542103767395020e+01
2.658465170860290527e+01
2.646535277366638184e+01
2.832992315292358398e+01
2.618322253227233887e+01
2.616414308547973633e+01
2.649558782577514648e+01
2.805363917350769043e+01
2.658609056472778320e+01
2.670211362838745117e+01
2.642764258384704590e+01
2.868250727653503418e+01
2.667723894119262695e+01
2.653869748115539551e+01
2.664292979240417480e+01
2.874984598159790039e+01
2.626469278335571289e+01
2.830782985687255859e+01
2.649450588226318359e+01
2.810379838943481445e+01
2.625756192207336426e+01
2.629516959190368652e+01
2.629706573486328125e+01
2.801121687889099121e+01
2.690899705886840820e+01
2.677406334877014160e+01
2.695652532577514648e+01
2.892053413391113281e+01
2.691697502136230469e+01
2.673713254928588867e+01
2.681446957588195801e+01
2.884591460227966309e+01
2.647932147979736328e+01
2.675876808166503906e+01
2.650286483764648438e+01
2.839919900894165039e+01
2.636314249038696289e+01
2.687043380737304688e+01
2.640702247619628906e+01
2.830592918395996094e+01
2.649519252777099609e+01
2.675815534591674805e+01
2.679178023338317871e+01
2.845387840270996094e+01
2.680969309806823730e+01
2.659167766571044922e+01
